11
25
35
27
14
12
20
34
23
19
21
4
-11
-23
-38
-54
-69
-82
-97
-101
-110
-114
-123
-135
-116
-115
-105
-90
-96
-81
-66
-47
-55
-39
-37
-25
-15
5
-10
6
3
1
2
10
15
9
17
-5
-19
-6
-18
-24
-13
-14
7
18
22
16
-3
-30
-44
-36
-41
-40
-46
-62
-72
-59
-73
-77
-86
-91
-74
-78
-95
-93
-85
-71
-58
-53
-51
-48
-61
-79
-87
-75
-56
-42
-45
-60
-43
-29
-33
-32
-22
-35
-28
-49
-31
-27
-16
-9
-1
13
30
24
41
48
58
44
53
68
81
87
98
90
106
124
116
122
138
139
153
152
136
130
145
141
146
155
172
154
157
171
161
182
167
181
187
205
194
198
189
206
218
233
234
217
236
239
258
244
235
242
252
255
268
270
256
272
283
280
290
277
291
289
275
293
285
266
284
278
299
303
308
304
322
338
332
314
302
319
300
313
326
335
337
334
350
352
345
339
368
382
395
394
428
447
434
457
467
465
459
469
466
484
475
477
487
504
486
472
474
480
476
488
482
493
498
491
501
505
522
537
529
536
533
531
544
566
576
560
564
579
578
575
588
580
571
568
572
577
594
604
622
633
642
643
655
666
673
665
648
629
630
639
634
653
650
667
675
652
651
647
645
628
615
601
617
599
585
597
602
606
592
614
613
598
616
626
624
611
593
595
587
590
582
565
553
545
561
567
586
625
640
621
609
605
610
627
659
663
661
676
664
623
631
649
632
656
671
684
697
683
698
712
696
700
662
603
581
546
558
550
528
514
517
523
515
520
503
485
471
481
502
510
499
495
497
506
511
525
542
549
562
539
534
521
530
512
496
513
519
516
509
535
527
479
463
461
451
430
444
453
448
456
442
439
435
438
431
441
440
452
458
445
464
473
478
449
468
462
454
433
410
385
376
381
400
398
390
490
551
552
570
678
618
909
896
1014
-84
-56201
-56187
-56202
-56206
-56208
-56220
-56238
-56235
-56230
-56215
-56225
-56207
-56195
-56214
-56221
-56242
-56226
-56233
-56218
-56213
-56210
-56224
-56217
-56198
-56188
-56179
-56167
-56151
-56161
-56168
-56170
-56163
-56181
-56184
-56173
-56159
-56176
-56183
-56177
-56192
-56203
-56185
-56171
-56189
-56196
-56180
-56186
-56191
-56169
-56157
-56165
-56154
-56149
-56131
-56136
-56155
-56147
-56133
-56152
-56145
-56148
-56162
-56166
-56172
-56178
-56160
-56153
-56143
-56120
-56138
-56146
-56137
-56129
-56121
-56117
-56100
-56116
-56106
-56115
-56124
-56107
-56112
-56122
-56104
-56095
-56078
-56066
-56069
-56056
-56053
-56037
-56051
-56052
-56067
-56071
-56054
-56058
-56039
-56043
-56026
-56006
-55984
-56027
-56009
-56018
-56004
-56016
-56032
-56048
-56050
-56061
-56042
-56055
-56033
-56031
-56015
-55998
-56007
-56030
-56023
-56029
-56019
-55999
-55985
-55982
-55986
-56034
-56035
-56021
-56049
-56065
-56077
-56073
-56059
-56079
-56080
-56076
-56094
-56111
-56101
-56087
-56081
-56083
-56064
-56060
-56057
-56084
-56097
-56089
-56092
-56090
-56072
-56102
-56096
-56118
-56114
-56103
-56085
-56068
-56088
-56105
-56040
-56020
-56011
-56017
-56110
-56132
-56130
-56140
-56211
-56194
-56209
-56219
-56223
-56229
-56237
-56251
-56254
-56241
-56243
-56231
-56240
-56252
-56244
-56197
-56205
-56228
-56249
-56272
-56284
-56292
-56297
-56314
-56344
-56369
-56380
-56374
-56391
-56404
-56393
-56407
-56416
-56399
-56382
-56372
-56389
-56397
-56412
-56410
-56392
-56398
-56427
-56426
-56443
-56424
-56405
-56383
-56378
-56379
-56360
-56347
-56332
-56337
-56356
-56350
-56363
-56348
-56345
-56368
-56414
-56430
-56449
-56465
-56476
-56472
-56493
-56477
-56464
-56484
-56500
-56501
-56515
-56521
-56537
-56528
-56546
-56527
-56525
-56510
-56495
-56511
-56529
-56544
-56536
-56530
-56541
-56552
-56566
-56584
-56558
-56543
-56577
-56560
-56648
-56647
-56657
-56665
-56649
-56659
-56678
-56668
-56681
-56691
-56707
-56723
-56713
-56697
-56677
-56662
-56682
-56670
-56685
-56695
-56696
-56689
-56684
-56700
-56714
-56732
-56718
-56719
-56737
-56721
-56733
-56738
-56724
-56712
-56710
-56720
-56735
-56725
-56736
-56741
-56760
-56764
-56748
-56766
-56754
-56757
-56773
-56775
-56759
-56743
-56755
-56769
-56783
-56778
-56772
-56792
-56777
-56763
-56779
-56796
-56797
-56787
-56804
-56798
-56817
-56805
-56840
-56850
-56842
-56731
-56717
-56728
-56745
-56756
-56768
-56767
-56744
-56729
-56722
-56730
-56726
-56702
-56711
-56692
-56673
-56660
-56661
-56658
-56641
-56636
-56652
-56669
-56675
-56680
-56666
-56690
-56676
-56688
-56706
-56705
-56693
-56709
-56698
-56703
-56679
-56664
-56655
-56672
-56663
-56671
-56667
-56683
-56687
-56701
-56715
-56727
-56751
-56742
-56761
-56602
-56629
-56618
-56606
-56595
-56592
-56576
-56601
-56624
-56614
-56638
-56634
-56704
-56708
-56740
-56753
-56650
-56488
-56447
-56848
-113069
-113061
-113042
-113045
-113056
-113062
-113083
-113090
-113074
-113070
-113080
-113088
-113105
-113115
-113099
-113091
-113081
-113071
-113066
-113054
-113027
-113029
-113038
-113026
-113032
-113019
-112996
-113050
-113060
-113064
-113051
-113030
-113095
-113109
-113107
-113094
-113113
-113124
-113114
-113104
-113106
-113110
-113102
-113117
-113137
-113135
-113141
-113152
-113158
-113151
-113134
-113121
-113119
-113126
-113136
-113154
-113171
-113187
-113183
-113179
-113168
-113160
-113145
-113153
-113143
-113123
-113133
-113150
-113148
-113167
-113147
-113164
-113159
-113161
-113177
-113163
-113182
-113197
-113195
-113178
-113180
-113191
-113203
-113196
-113216
-113235
-113222
-113239
-113221
-113238
-113229
-113231
-113224
-113230
-113219
-113228
-113225
-113244
-113256
-113241
-113237
-113227
-113223
-113234
-113217
-113198
-113189
-113208
-113207
-113226
-113215
-113194
-113211
-113220
-113209
-113212
-113210
-113202
-113188
-113170
-113172
-113173
-113185
-113175
-113193
-113201
-113206
-113192
-113169
-113176
-113204
-113186
-113181
-113200
-113190
-113174
-113155
-113142
-113125
-113111
-113100
-113093
-113092
-113087
-113098
-113101
-113086
-113082
-113116
-113108
-113103
-113096
-113131
-113140
-113157
-113162
-113149
-113138
-113127
-113139
-113166
-113165
-113144
-113146
-113132
-113129
-113112
-113118
-113073
-113089
-113065
-112974
-112954
-112931
-112933
-112924
-112917
-112905
-112899
-112890
-112883
-112895
-112908
-112923
-112925
-112911
-112922
-112926
-112936
-112919
-112920
-112934
-112913
-112902
-112901
-112888
-112893
-112879
-112863
-112873
-112869
-112852
-112847
-112848
-112851
-112858
-112871
-112878
-112897
-112891
-112867
-112862
-112868
-112859
-112870
-112884
-112865
-112880
-112861
-112849
-112830
-112831
-112845
-112843
-112844
-112860
-112850
-112855
-112887
-112874
-112877
-112892
402
Chrono calibration first duplicated freq 402
